0,505
54,3
54,2
54,1
54,0
53,5
53,4
53,3
53,2
53,1
53,0
0,504
52,4
52,3
52,2
52,1
52,0
0,503
0,502
51,3
51,2
51,1
51,0
0,501
0,500
50,4
0,499
50,3
50,2
50,1
50,0
0,498
49,3
49,2
0,497
49,1
49,0
0,496
0,495
0,494
48,3
48,2
48,1
48,0
47,5
47,4
47,3
47,2
47,1
47,0
0,493
0,492
46,4
0,491
0,490
46,3
46,2
46,1
46,0
0,489
0,488
0,487
0,486
45,3
45,2
45,1
45,0
0,485
0,484
0,483
44,4
0,482
0,481
44,3
44,2
44,1
44,0
0,480
43,3
43,2
43,1
43,0
0,479
0,478
0,477
0,476
0,475
0,474
0,473
0,472
0,471
0,470
0,469
0,468
0,467
0,466
0,465
0,464
0,463
0,462
0,461
0,460
42,3
42,2
0,459
42,1
42,0
0,458
0,457
41,5
0,456
0,455
41,4
41,3
41,2
41,1
41,0
40,4
40,3
40,2
40,1
40,0
39,3
39,2
39,1
39,0
38,4
0,454
38,3
38,2
38,1
38,0
37,3
37,2
37,1
37,0
0,453
0,452
0,451
0,450
0,449
0,448
0,447
0,446
0,445
36,3
36,2
